2.7000e+02 2.7000e+02 2.7000e+02 2.6866e+02 2.6832e+02 2.6554e+02 2.6620e+02 2.6905e+02 2.7000e+02 2.7082e+02
5.0000e+01 1.5000e+02 2.5000e+02 2.6857e+02 2.6829e+02 2.6532e+02 2.6604e+02 2.6877e+02 2.6979e+02 2.7073e+02
5.0000e+01 1.4351e+02 2.4436e+02 2.6834e+02 2.6820e+02 2.6387e+02 2.6485e+02 2.6783e+02 2.6900e+02 2.7055e+02
5.0000e+01 1.3963e+02 2.3877e+02 2.6799e+02 2.6802e+02 2.6175e+02 2.6302e+02 2.6662e+02 2.6800e+02 2.7040e+02
5.0000e+01 1.3665e+02 2.3311e+02 2.6754e+02 2.6777e+02 2.5941e+02 2.6097e+02 2.6536e+02 2.6705e+02 2.7028e+02
5.0000e+01 1.3407e+02 2.2774e+02 2.6704e+02 2.6747e+02 2.5705e+02 2.5887e+02 2.6415e+02 2.6622e+02 2.7019e+02
5.0000e+01 1.3185e+02 2.2299e+02 2.6652e+02 2.6715e+02 2.5476e+02 2.5683e+02 2.6300e+02 2.6550e+02 2.7011e+02
5.0000e+01 1.3002e+02 2.1888e+02 2.6601e+02 2.6683e+02 2.5260e+02 2.5488e+02 2.6193e+02 2.6487e+02 2.7004e+02
5.0000e+01 1.2851e+02 2.1537e+02 2.6554e+02 2.6652e+02 2.5057e+02 2.5306e+02 2.6094e+02 2.6432e+02 2.6998e+02
5.0000e+01 1.2726e+02 2.1238e+02 2.6511e+02 2.6624e+02 2.4869e+02 2.5137e+02 2.6003e+02 2.6382e+02 2.6993e+02
5.0000e+01 1.2621e+02 2.0983e+02 2.6473e+02 2.6598e+02 2.4696e+02 2.4980e+02 2.5919e+02 2.6337e+02 2.6989e+02
5.0000e+01 1.2534e+02 2.0766e+02 2.6439e+02 2.6575e+02 2.4536e+02 2.4836e+02 2.5844e+02 2.6298e+02 2.6985e+02
5.0000e+01 1.2459e+02 2.0582e+02 2.6410e+02 2.6555e+02 2.4390e+02 2.4705e+02 2.5775e+02 2.6262e+02 2.6982e+02
5.0000e+01 1.2396e+02 2.0424e+02 2.6384e+02 2.6538e+02 2.4257e+02 2.4584e+02 2.5712e+02 2.6230e+02 2.6979e+02
5.0000e+01 1.2343e+02 2.0290e+02 2.6362e+02 2.6522e+02 2.4134e+02 2.4474e+02 2.5655e+02 2.6200e+02 2.6976e+02
5.0000e+01 1.2297e+02 2.0174e+02 2.6342e+02 2.6509e+02 2.4022e+02 2.4373e+02 2.5603e+02 2.6174e+02 2.6974e+02
5.0000e+01 1.2258e+02 2.0076e+02 2.6325e+02 2.6498e+02 2.3920e+02 2.4282e+02 2.5556e+02 2.6150e+02 2.6972e+02
5.0000e+01 1.2224e+02 1.9991e+02 2.6311e+02 2.6487e+02 2.3827e+02 2.4197e+02 2.5513e+02 2.6129e+02 2.6970e+02
5.0000e+01 1.2194e+02 1.9918e+02 2.6298e+02 2.6479e+02 2.3741e+02 2.4121e+02 2.5474e+02 2.6109e+02 2.6968e+02
5.0000e+01 1.2169e+02 1.9855e+02 2.6287e+02 2.6471e+02 2.3663e+02 2.4050e+02 2.5438e+02 2.6091e+02 2.6967e+02
5.0000e+01 1.2147e+02 1.9801e+02 2.6277e+02 2.6465e+02 2.3591e+02 2.3986e+02 2.5406e+02 2.6075e+02 2.6965e+02
5.0000e+01 1.2128e+02 1.9755e+02 2.6269e+02 2.6459e+02 2.3525e+02 2.3927e+02 2.5376e+02 2.6060e+02 2.6964e+02
5.0000e+01 1.2111e+02 1.9714e+02 2.6262e+02 2.6454e+02 2.3465e+02 2.3872e+02 2.5349e+02 2.6046e+02 2.6963e+02
5.0000e+01 1.2097e+02 1.9679e+02 2.6256e+02 2.6450e+02 2.3409e+02 2.3822e+02 2.5324e+02 2.6034e+02 2.6962e+02
5.0000e+01 1.2084e+02 1.9649e+02 2.6250e+02 2.6446e+02 2.3358e+02 2.3776e+02 2.5301e+02 2.6022e+02 2.6961e+02
5.0000e+01 1.2073e+02 1.9622e+02 2.6246e+02 2.6443e+02 2.3311e+02 2.3734e+02 2.5279e+02 2.6012e+02 2.6960e+02
5.0000e+01 1.2063e+02 1.9600e+02 2.6242e+02 2.6440e+02 2.3268e+02 2.3696e+02 2.5260e+02 2.6002e+02 2.6959e+02
5.0000e+01 1.2055e+02 1.9581e+02 2.6238e+02 2.6438e+02 2.3229e+02 2.3661e+02 2.5243e+02 2.5993e+02 2.6959e+02
5.0000e+01 1.2048e+02 1.9564e+02 2.6235e+02 2.6436e+02 2.3193e+02 2.3628e+02 2.5227e+02 2.5985e+02 2.6958e+02
5.0000e+01 1.2041e+02 1.9549e+02 2.6232e+02 2.6434e+02 2.3159e+02 2.3598e+02 2.5212e+02 2.5978e+02 2.6957e+02
5.0000e+01 1.2035e+02 1.9535e+02 2.6230e+02 2.6432e+02 2.3127e+02 2.3570e+02 2.5198e+02 2.5970e+02 2.6957e+02
5.0000e+01 1.2030e+02 1.9524e+02 2.6228e+02 2.6431e+02 2.3098e+02 2.3543e+02 2.5185e+02 2.5964e+02 2.6956e+02
5.0000e+01 1.2025e+02 1.9514e+02 2.6226e+02 2.6430e+02 2.3070e+02 2.3519e+02 2.5172e+02 2.5958e+02 2.6956e+02
5.0000e+01 1.2021e+02 1.9505e+02 2.6224e+02 2.6428e+02 2.3045e+02 2.3495e+02 2.5161e+02 2.5952e+02 2.6955e+02
5.0000e+01 1.2017e+02 1.9497e+02 2.6223e+02 2.6427e+02 2.3020e+02 2.3474e+02 2.5150e+02 2.5947e+02 2.6955e+02
5.0000e+01 1.2014e+02 1.9489e+02 2.6222e+02 2.6427e+02 2.2998e+02 2.3454e+02 2.5140e+02 2.5942e+02 2.6955e+02
5.0000e+01 1.2011e+02 1.9483e+02 2.6221e+02 2.6426e+02 2.2977e+02 2.3435e+02 2.5131e+02 2.5937e+02 2.6954e+02
