2.7000e+02 2.7000e+02 2.7000e+02 2.6894e+02 2.6782e+02 2.7303e+02 2.7279e+02 2.7126e+02 2.7086e+02 2.7063e+02
5.0000e+01 1.5000e+02 2.5000e+02 2.6908e+02 2.6783e+02 2.7217e+02 2.7164e+02 2.7138e+02 2.7102e+02 2.7088e+02
4.0342e+01 1.5000e+02 2.4572e+02 2.6897e+02 2.6784e+02 2.6885e+02 2.6784e+02 2.7136e+02 2.7117e+02 2.7103e+02
3.7431e+01 1.5000e+02 2.4131e+02 2.6859e+02 2.6781e+02 2.6403e+02 2.6291e+02 2.7095e+02 2.7119e+02 2.7109e+02
3.5278e+01 1.4152e+02 2.3658e+02 2.6787e+02 2.6773e+02 2.5869e+02 2.5786e+02 2.7012e+02 2.7098e+02 2.7103e+02
3.3778e+01 1.3497e+02 2.3138e+02 2.6680e+02 2.6759e+02 2.5328e+02 2.5300e+02 2.6893e+02 2.7055e+02 2.7082e+02
3.2649e+01 1.2896e+02 2.2588e+02 2.6544e+02 2.6739e+02 2.4804e+02 2.4842e+02 2.6749e+02 2.6989e+02 2.7047e+02
3.1752e+01 1.2369e+02 2.2048e+02 2.6386e+02 2.6715e+02 2.4306e+02 2.4414e+02 2.6588e+02 2.6906e+02 2.7000e+02
3.1018e+01 1.1911e+02 2.1537e+02 2.6215e+02 2.6688e+02 2.3840e+02 2.4016e+02 2.6417e+02 2.6808e+02 2.6943e+02
3.0402e+01 1.1511e+02 2.1061e+02 2.6036e+02 2.6659e+02 2.3408e+02 2.3646e+02 2.6240e+02 2.6701e+02 2.6879e+02
2.9876e+01 1.1161e+02 2.0623e+02 2.5856e+02 2.6629e+02 2.3008e+02 2.3304e+02 2.6062e+02 2.6587e+02 2.6809e+02
2.9423e+01 1.0853e+02 2.0222e+02 2.5678e+02 2.6599e+02 2.2639e+02 2.2986e+02 2.5885e+02 2.6470e+02 2.6735e+02
2.8927e+01 1.0580e+02 1.9856e+02 2.5506e+02 2.6570e+02 2.2299e+02 2.2692e+02 2.5710e+02 2.6351e+02 2.6660e+02
2.8443e+01 1.0335e+02 1.9522e+02 2.5340e+02 2.6542e+02 2.1985e+02 2.2418e+02 2.5541e+02 2.6232e+02 2.6585e+02
2.8009e+01 1.0114e+02 1.9217e+02 2.5182e+02 2.6514e+02 2.1695e+02 2.2164e+02 2.5376e+02 2.6114e+02 2.6510e+02
2.7620e+01 9.9157e+01 1.8939e+02 2.5032e+02 2.6488e+02 2.1427e+02 2.1928e+02 2.5218e+02 2.5999e+02 2.6437e+02
2.7269e+01 9.7364e+01 1.8685e+02 2.4891e+02 2.6464e+02 2.1179e+02 2.1707e+02 2.5066e+02 2.5888e+02 2.6365e+02
2.6952e+01 9.5744e+01 1.8453e+02 2.4758e+02 2.6441e+02 2.0948e+02 2.1502e+02 2.4921e+02 2.5780e+02 2.6296e+02
2.6665e+01 9.4276e+01 1.8240e+02 2.4634e+02 2.6419e+02 2.0734e+02 2.1309e+02 2.4783e+02 2.5676e+02 2.6229e+02
2.6403e+01 9.2945e+01 1.8046e+02 2.4517e+02 2.6398e+02 2.0534e+02 2.1130e+02 2.4652e+02 2.5577e+02 2.6166e+02
2.6165e+01 9.1735e+01 1.7868e+02 2.4408e+02 2.6379e+02 2.0348e+02 2.0961e+02 2.4527e+02 2.5482e+02 2.6105e+02
2.5946e+01 9.0633e+01 1.7705e+02 2.4306e+02 2.6361e+02 2.0175e+02 2.0803e+02 2.4408e+02 2.5392e+02 2.6047e+02
2.5745e+01 8.9628e+01 1.7555e+02 2.4211e+02 2.6345e+02 2.0012e+02 2.0655e+02 2.4296e+02 2.5306e+02 2.5992e+02
2.5560e+01 8.8710e+01 1.7418e+02 2.4122e+02 2.6329e+02 1.9860e+02 2.0516e+02 2.4190e+02 2.5224e+02 2.5940e+02
2.5390e+01 8.7870e+01 1.7291e+02 2.4039e+02 2.6314e+02 1.9718e+02 2.0385e+02 2.4090e+02 2.5147e+02 2.5891e+02
2.5232e+01 8.7101e+01 1.7175e+02 2.3962e+02 2.6301e+02 1.9584e+02 2.0263e+02 2.3995e+02 2.5074e+02 2.5844e+02
2.5087e+01 8.6394e+01 1.7068e+02 2.3890e+02 2.6288e+02 1.9458e+02 2.0147e+02 2.3905e+02 2.5005e+02 2.5800e+02
2.4951e+01 8.5746e+01 1.6969e+02 2.3823e+02 2.6276e+02 1.9340e+02 2.0038e+02 2.3820e+02 2.4939e+02 2.5759e+02
2.4826e+01 8.5149e+01 1.6878e+02 2.3760e+02 2.6265e+02 1.9229e+02 1.9935e+02 2.3741e+02 2.4878e+02 2.5720e+02
2.4709e+01 8.4599e+01 1.6794e+02 2.3701e+02 2.6255e+02 1.9124e+02 1.9839e+02 2.3665e+02 2.4819e+02 2.5683e+02
2.4600e+01 8.4092e+01 1.6717e+02 2.3647e+02 2.6245e+02 1.9025e+02 1.9747e+02 2.3594e+02 2.4764e+02 2.5648e+02
2.4498e+01 8.3624e+01 1.6645e+02 2.3596e+02 2.6236e+02 1.8932e+02 1.9661e+02 2.3527e+02 2.4713e+02 2.5616e+02
2.4403e+01 8.3191e+01 1.6579e+02 2.3548e+02 2.6228e+02 1.8845e+02 1.9580e+02 2.3464e+02 2.4664e+02 2.5585e+02
2.4314e+01 8.2790e+01 1.6517e+02 2.3503e+02 2.6220e+02 1.8762e+02 1.9503e+02 2.3404e+02 2.4617e+02 2.5556e+02
2.4231e+01 8.2420e+01 1.6460e+02 2.3461e+02 2.6213e+02 1.8684e+02 1.9431e+02 2.3348e+02 2.4574e+02 2.5528e+02
2.4154e+01 8.2076e+01 1.6407e+02 2.3422e+02 2.6206e+02 1.8610e+02 1.9362e+02 2.3294e+02 2.4533e+02 2.5503e+02
2.4081e+01 8.1756e+01 1.6358e+02 2.3386e+02 2.6200e+02 1.8540e+02 1.9298e+02 2.3244e+02 2.4494e+02 2.5478e+02
