1.1512e-02 4.7102e-04 8.9145e-05 6.0054e-08 3.5170e-06
6.8431e-03 2.5601e-04 5.2434e-05 4.8410e-08 3.5237e-06
5.2033e-03 1.6419e-04 3.7205e-05 2.9808e-08 3.5272e-06
4.6843e-03 1.1677e-04 2.8282e-05 1.4086e-08 3.5281e-06
3.8264e-03 8.4008e-05 2.2476e-05 1.0259e-09 3.5269e-06
3.6127e-03 6.4703e-05 1.7703e-05 0.0000e+00 3.5241e-06
3.2625e-03 4.8141e-05 1.3637e-05 0.0000e+00 3.5221e-06
3.0844e-03 3.7505e-05 1.0689e-05 0.0000e+00 3.5213e-06
2.9450e-03 2.7740e-05 7.9337e-06 0.0000e+00 3.5194e-06
2.8297e-03 2.1252e-05 5.4875e-06 0.0000e+00 3.5162e-06
2.7365e-03 1.5078e-05 3.7530e-06 0.0000e+00 3.5114e-06
2.6571e-03 1.0869e-05 2.0664e-06 0.0000e+00 3.5050e-06
2.5854e-03 6.5844e-06 9.7814e-07 0.0000e+00 3.4969e-06
2.5210e-03 3.5036e-06 6.6738e-08 0.0000e+00 3.4869e-06
2.4627e-03 8.3324e-07 0.0000e+00 0.0000e+00 3.4750e-06
2.4098e-03 0.0000e+00 0.0000e+00 0.0000e+00 3.4611e-06
2.3614e-03 0.0000e+00 0.0000e+00 0.0000e+00 3.4452e-06
2.3169e-03 0.0000e+00 0.0000e+00 0.0000e+00 3.4273e-06
2.2758e-03 0.0000e+00 0.0000e+00 0.0000e+00 3.4074e-06
2.2376e-03 0.0000e+00 0.0000e+00 0.0000e+00 3.3854e-06
