5.4946e-03 1.4126e-03 8.8508e-05 0.0000e+00 1.0826e-07
3.9927e-03 5.1920e-04 5.0976e-05 0.0000e+00 1.0812e-07
3.3855e-03 6.9502e-05 3.4550e-05 0.0000e+00 1.0777e-07
3.1245e-03 4.4936e-05 2.4834e-05 0.0000e+00 1.0709e-07
2.7924e-03 3.0762e-05 1.7992e-05 0.0000e+00 1.0600e-07
2.6233e-03 2.1003e-05 1.2468e-05 0.0000e+00 1.0444e-07
2.4973e-03 1.4588e-05 8.6917e-06 0.0000e+00 1.0238e-07
2.3973e-03 9.7758e-06 5.4017e-06 0.0000e+00 9.9813e-08
2.3148e-03 6.2683e-06 3.1667e-06 0.0000e+00 9.6724e-08
2.2450e-03 3.6081e-06 1.2978e-06 0.0000e+00 9.3118e-08
2.1849e-03 1.5961e-06 2.9221e-07 0.0000e+00 8.9004e-08
2.1324e-03 1.9706e-07 0.0000e+00 0.0000e+00 8.4393e-08
2.0858e-03 0.0000e+00 0.0000e+00 0.0000e+00 7.9301e-08
2.0442e-03 0.0000e+00 0.0000e+00 0.0000e+00 7.3752e-08
2.0067e-03 0.0000e+00 0.0000e+00 0.0000e+00 6.7772e-08
1.9726e-03 0.0000e+00 0.0000e+00 0.0000e+00 6.1392e-08
1.9415e-03 0.0000e+00 0.0000e+00 0.0000e+00 5.4648e-08
1.9130e-03 0.0000e+00 0.0000e+00 0.0000e+00 4.7577e-08
1.8883e-03 0.0000e+00 0.0000e+00 0.0000e+00 4.0220e-08
1.8658e-03 0.0000e+00 0.0000e+00 0.0000e+00 3.2619e-08
